p01.txt                   211.16765285996055                  [1, 1, 0, 1, 0, 0, 1, 0, 0, 0]                     284
p01.txt                   221.84007707129095                  [1, 1, 1, 1, 0, 1, 0, 0, 0, 0]                     309
p01.txt                   223.26436781609195                  [1, 1, 1, 1, 0, 1, 0, 0, 0, 0]                     309
p01.txt                   211.5188679245283                  [1, 1, 0, 1, 0, 0, 1, 0, 0, 0]                     284
p01.txt                   216.357421875                  [1, 1, 1, 1, 0, 1, 0, 0, 0, 0]                     309
p01.txt                   203.9227642276423                  [1, 1, 0, 1, 0, 0, 1, 0, 0, 0]                     284
p01.txt                   216.6342857142857                  [1, 1, 1, 1, 0, 1, 0, 0, 0, 0]                     309
p01.txt                   221.36742424242425                  [1, 1, 1, 1, 0, 1, 0, 0, 0, 0]                     309
p01.txt                   204.14227642276424                  [1, 1, 1, 1, 0, 1, 0, 0, 0, 0]                     309
p01.txt                   211.1326923076923                  [1, 1, 0, 1, 0, 0, 1, 0, 0, 0]                     284
p02.txt                   36.94656488549618                  [0, 1, 1, 1, 0]                     51
p02.txt                   37.17391304347826                  [0, 1, 1, 1, 0]                     51
p02.txt                   36.795896328293736                  [0, 1, 1, 1, 0]                     51
p02.txt                   37.29713114754098                  [0, 1, 1, 1, 0]                     51
p02.txt                   38.12061403508772                  [0, 1, 1, 1, 0]                     51
p02.txt                   37.15522703273495                  [0, 1, 1, 1, 0]                     51
p02.txt                   38.001049317943334                  [0, 1, 1, 1, 0]                     51
p02.txt                   37.93704850361197                  [0, 1, 1, 1, 0]                     51
p02.txt                   36.67129135538954                  [0, 1, 1, 1, 0]                     51
p02.txt                   36.45357524012807                  [0, 1, 1, 1, 0]                     51
p03.txt                   108.9656699889258                  [1, 1, 0, 0, 1, 0]                     150
p03.txt                   107.21662763466043                  [1, 1, 0, 0, 1, 0]                     150
p03.txt                   104.25344036697248                  [1, 1, 0, 0, 1, 0]                     150
p03.txt                   109.00110497237569                  [1, 1, 0, 0, 1, 0]                     150
p03.txt                   107.95159515951595                  [1, 1, 0, 0, 1, 0]                     150
p03.txt                   108.2002262443439                  [1, 1, 0, 0, 1, 0]                     150
p03.txt                   107.6353829557713                  [1, 1, 0, 0, 1, 0]                     150
p03.txt                   109.12100456621005                  [1, 1, 0, 0, 1, 0]                     150
p03.txt                   105.8934065934066                  [1, 1, 0, 0, 1, 0]                     150
p03.txt                   107.01694915254237                  [1, 1, 0, 0, 1, 0]                     150
p04.txt                   74.15894868585733                  [1, 0, 0, 1, 0, 0, 0]                     107
p04.txt                   73.01653944020356                  [1, 0, 0, 1, 0, 0, 0]                     107
p04.txt                   74.1869722557298                  [1, 0, 0, 1, 0, 0, 0]                     107
p04.txt                   72.71322620519159                  [1, 0, 0, 1, 0, 0, 0]                     107
p04.txt                   74.22738386308069                  [1, 0, 0, 1, 0, 0, 0]                     107
p04.txt                   75.87789987789988                  [1, 0, 0, 1, 0, 0, 0]                     107
p04.txt                   74.83458646616542                  [1, 0, 0, 1, 0, 0, 0]                     107
p04.txt                   72.8360248447205                  [1, 0, 0, 1, 0, 0, 0]                     107
p04.txt                   75.02442002442002                  [1, 0, 0, 1, 0, 0, 0]                     107
p04.txt                   73.38959390862944                  [1, 0, 0, 1, 0, 0, 0]                     107
p05.txt                   639.2928909952607                  [1, 0, 1, 1, 1, 0, 1, 1]                     900
p05.txt                   682.811072056239                  [1, 0, 1, 1, 1, 0, 1, 1]                     900
p05.txt                   677.9591304347827                  [1, 0, 1, 1, 1, 0, 1, 1]                     900
p05.txt                   669.9075993091537                  [1, 0, 1, 1, 1, 0, 1, 1]                     900
p05.txt                   680.3431952662722                  [1, 0, 1, 1, 1, 0, 1, 1]                     900
p05.txt                   680.1288076588338                  [1, 0, 1, 1, 1, 0, 1, 1]                     900
p05.txt                   664.8503046127067                  [1, 0, 1, 1, 1, 0, 1, 1]                     900
p05.txt                   683.478835978836                  [1, 0, 1, 1, 1, 0, 1, 1]                     900
p05.txt                   675.2149866190902                  [1, 0, 1, 1, 1, 0, 1, 1]                     900
p05.txt                   656.5353260869565                  [1, 0, 1, 1, 1, 1, 0, 0]                     898
p06.txt                   1392.5702764976959                  [0, 1, 0, 1, 0, 0, 1]                     1735
p06.txt                   1385.3259860788862                  [0, 1, 0, 1, 0, 0, 1]                     1735
p06.txt                   1365.5704142011834                  [0, 1, 0, 1, 0, 0, 1]                     1735
p06.txt                   1397.1407657657658                  [0, 1, 0, 1, 0, 0, 1]                     1735
p06.txt                   1353.0036809815952                  [0, 1, 0, 1, 0, 0, 1]                     1735
p06.txt                   1372.9543325526931                  [0, 1, 0, 1, 0, 0, 1]                     1735
p06.txt                   1366.7203389830509                  [0, 1, 0, 1, 0, 0, 1]                     1735
p06.txt                   1357.9988558352402                  [0, 1, 0, 1, 0, 0, 1]                     1735
p06.txt                   1380.2197055492638                  [0, 1, 0, 1, 0, 0, 1]                     1735
p06.txt                   1385.048178613396                  [0, 1, 0, 1, 0, 0, 1]                     1735
p07.txt                   1133.075163398693                  [1, 1, 1, 0, 1, 0, 0, 0, 1, 1, 0, 0, 0, 1, 1]                     1441
p07.txt                   1143.5404789053591                  [1, 0, 1, 0, 1, 1, 1, 0, 0, 1, 0, 0, 0, 1, 1]                     1446
p07.txt                   1156.983695652174                  [0, 0, 1, 0, 0, 0, 0, 1, 0, 0, 1, 1, 1, 1, 1]                     1447
p07.txt                   1129.6781065088758                  [1, 1, 0, 0, 1, 0, 1, 1, 0, 1, 0, 1, 0, 0, 1]                     1442
p07.txt                   1128.9409722222222                  [1, 0, 1, 0, 1, 1, 0, 0, 1, 1, 1, 0, 0, 0, 1]                     1446
p07.txt                   1119.334088335221                  [1, 1, 1, 1, 0, 0, 0, 0, 1, 0, 1, 0, 0, 1, 1]                     1444
p07.txt                   1137.5561861520998                  [0, 1, 0, 0, 1, 1, 1, 1, 1, 0, 1, 0, 1, 0, 0]                     1438
p07.txt                   1129.103218645949                  [1, 0, 1, 1, 0, 0, 1, 1, 0, 0, 1, 1, 1, 0, 0]                     1436
p07.txt                   1151.2320819112629                  [1, 1, 1, 0, 0, 0, 1, 1, 0, 0, 0, 1, 1, 1, 0]                     1444
p07.txt                   1138.7607709750566                  [1, 1, 0, 1, 0, 0, 1, 0, 1, 1, 0, 0, 1, 1, 0]                     1440
p08.txt                   10524538.178229665                  [1, 1, 0, 1, 0, 1, 0, 0, 1, 1, 1, 1, 0, 0, 1, 0, 1, 0, 0, 0, 1, 0, 0, 0]                     13131102
p08.txt                   10304816.998849252                  [1, 1, 0, 1, 1, 0, 1, 0, 0, 0, 1, 0, 0, 0, 1, 1, 0, 0, 1, 0, 1, 1, 0, 0]                     13210777
p08.txt                   10487189.146370023                  [0, 0, 0, 1, 1, 0, 0, 0, 0, 1, 1, 0, 0, 0, 1, 1, 1, 1, 1, 0, 0, 1, 0, 0]                     13169037
p08.txt                   10569438.519434629                  [0, 0, 0, 1, 0, 1, 1, 1, 1, 1, 1, 0, 1, 0, 0, 1, 0, 0, 0, 1, 1, 0, 1, 0]                     13169051
p08.txt                   10475464.893103449                  [1, 1, 0, 1, 0, 0, 0, 0, 1, 1, 0, 0, 0, 1, 1, 1, 1, 0, 0, 0, 0, 0, 1, 0]                     13091537
p08.txt                   10532114.579726651                  [1, 1, 0, 1, 0, 1, 0, 0, 0, 1, 1, 0, 1, 0, 0, 1, 1, 0, 0, 0, 1, 1, 0, 0]                     13346460
p08.txt                   10359756.475739645                  [1, 1, 0, 1, 0, 1, 0, 0, 0, 1, 0, 1, 1, 0, 1, 1, 0, 0, 0, 1, 1, 0, 1, 1]                     13152673
p08.txt                   10465392.988545246                  [1, 1, 0, 1, 0, 0, 0, 0, 0, 1, 1, 0, 1, 0, 1, 0, 0, 0, 1, 1, 1, 0, 0, 1]                     13143182
p08.txt                   10585272.407982262                  [1, 1, 0, 1, 0, 1, 1, 0, 0, 1, 0, 0, 1, 1, 0, 1, 1, 0, 0, 1, 1, 0, 1, 1]                     13214976
p08.txt                   10492446.398373984                  [0, 1, 0, 1, 0, 0, 1, 1, 0, 1, 1, 0, 0, 1, 0, 1, 1, 0, 0, 0, 0, 1, 0, 1]                     13324335
p01.txt                   183.6                  [1, 0, 1, 1, 0, 0, 1, 0, 0, 0]                     276
p01.txt                   169.5909090909091                  [1, 0, 0, 0, 1, 0, 0, 0, 1, 0]                     239
p01.txt                   191.07692307692307                  [1, 1, 1, 1, 0, 1, 0, 0, 0, 0]                     309
p01.txt                   192.74074074074073                  [1, 1, 0, 1, 1, 0, 0, 0, 0, 0]                     277
p01.txt                   148.76923076923077                  [1, 0, 0, 0, 1, 0, 0, 0, 1, 0]                     239
p01.txt                   154.42857142857142                  [1, 1, 0, 0, 0, 0, 0, 0, 1, 0]                     236
p01.txt                   156.82142857142858                  [1, 0, 0, 1, 0, 0, 0, 1, 0, 0]                     244
p01.txt                   181.58620689655172                  [1, 1, 0, 1, 1, 0, 0, 0, 0, 0]                     277
p01.txt                   169.3448275862069                  [1, 1, 0, 0, 0, 1, 1, 0, 0, 0]                     259
p01.txt                   178.33333333333334                  [1, 0, 0, 1, 1, 0, 0, 0, 0, 0]                     220
p02.txt                   31.680851063829788                  [0, 1, 1, 1, 0]                     51
p02.txt                   31.92156862745098                  [0, 1, 1, 1, 0]                     51
p02.txt                   30.367346938775512                  [0, 1, 0, 1, 1]                     44
p02.txt                   29.94871794871795                  [0, 1, 1, 1, 0]                     51
p02.txt                   29.708333333333332                  [0, 1, 1, 1, 0]                     51
p02.txt                   25.50943396226415                  [1, 0, 1, 0, 0]                     47
p02.txt                   27.244444444444444                  [1, 0, 0, 0, 1]                     40
p02.txt                   29.75                  [0, 1, 1, 1, 0]                     51
p02.txt                   29.80952380952381                  [0, 1, 1, 1, 0]                     51
p02.txt                   28.717391304347824                  [1, 0, 1, 0, 0]                     47
p03.txt                   89.53333333333333                  [1, 1, 0, 0, 1, 0]                     150
p03.txt                   81.95121951219512                  [1, 1, 0, 0, 1, 0]                     150
p03.txt                   76.82051282051282                  [0, 0, 1, 0, 1, 0]                     114
p03.txt                   88.80434782608695                  [1, 1, 0, 0, 1, 0]                     150
p03.txt                   81.0952380952381                  [1, 0, 1, 0, 0, 1]                     119
p03.txt                   85.70212765957447                  [1, 1, 0, 1, 0, 0]                     146
p03.txt                   88.67441860465117                  [1, 1, 0, 0, 1, 0]                     150
p03.txt                   85.4888888888889                  [1, 1, 0, 0, 1, 0]                     150
p03.txt                   75.18604651162791                  [0, 0, 1, 0, 1, 0]                     114
p03.txt                   92.17391304347827                  [1, 1, 0, 0, 1, 0]                     150
p04.txt                   50.266666666666666                  [0, 1, 1, 1, 0, 0, 0]                     96
p04.txt                   53.73170731707317                  [1, 0, 0, 1, 0, 0, 0]                     107
p04.txt                   59.19047619047619                  [1, 1, 0, 0, 1, 1, 0]                     102
p04.txt                   54.16279069767442                  [1, 1, 0, 0, 1, 1, 0]                     102
p04.txt                   63.48888888888889                  [1, 1, 0, 0, 1, 1, 0]                     102
p04.txt                   61.71739130434783                  [1, 1, 0, 0, 1, 1, 0]                     102
p04.txt                   64.27272727272727                  [1, 0, 0, 1, 0, 0, 0]                     107
p04.txt                   57.19565217391305                  [1, 1, 0, 0, 0, 1, 1]                     105
p04.txt                   65.23255813953489                  [1, 1, 0, 0, 0, 1, 0]                     95
p04.txt                   60.1578947368421                  [1, 0, 0, 1, 0, 0, 0]                     107
p05.txt                   550.4038461538462                  [1, 0, 1, 1, 1, 0, 0, 1]                     895
p05.txt                   489.06                  [0, 1, 1, 1, 0, 0, 0, 1]                     875
p05.txt                   544.0                  [1, 0, 1, 1, 1, 0, 1, 1]                     900
p05.txt                   582.5510204081633                  [1, 0, 1, 1, 1, 0, 1, 1]                     900
p05.txt                   474.48                  [0, 1, 1, 1, 0, 1, 0, 1]                     883
p05.txt                   440.65384615384613                  [1, 0, 1, 1, 1, 0, 1, 1]                     900
p05.txt                   484.2156862745098                  [1, 0, 1, 0, 1, 1, 0, 0]                     878
p05.txt                   553.8571428571429                  [1, 0, 1, 0, 1, 1, 1, 1]                     888
p05.txt                   540.1428571428571                  [0, 1, 1, 1, 0, 0, 1, 1]                     880
p05.txt                   510.4259259259259                  [1, 0, 1, 1, 1, 1, 0, 0]                     898
p06.txt                   1278.3720930232557                  [0, 0, 1, 1, 0, 0, 1]                     1721
p06.txt                   1227.8837209302326                  [0, 1, 0, 1, 0, 0, 1]                     1735
p06.txt                   1211.5681818181818                  [0, 1, 0, 1, 0, 0, 1]                     1735
p06.txt                   1222.0851063829787                  [0, 1, 0, 1, 0, 0, 1]                     1735
p06.txt                   1177.9347826086957                  [0, 0, 1, 1, 0, 0, 1]                     1721
p06.txt                   1195.4545454545455                  [0, 1, 0, 0, 0, 1, 1]                     1706
p06.txt                   1240.0408163265306                  [0, 1, 0, 1, 0, 0, 1]                     1735
p06.txt                   1229.4897959183672                  [0, 1, 0, 1, 0, 0, 1]                     1735
p06.txt                   1183.9791666666667                  [0, 1, 0, 0, 0, 1, 1]                     1706
p06.txt                   1303.6818181818182                  [0, 1, 0, 0, 1, 0, 1]                     1688
p07.txt                   1058.212765957447                  [1, 1, 0, 1, 1, 0, 0, 0, 1, 0, 1, 1, 1, 0, 0]                     1417
p07.txt                   1102.2325581395348                  [0, 1, 0, 1, 1, 0, 1, 1, 1, 0, 0, 1, 1, 0, 0]                     1429
p07.txt                   1043.4130434782608                  [1, 0, 1, 1, 1, 1, 0, 0, 0, 0, 1, 0, 0, 1, 1]                     1432
p07.txt                   1046.4807692307693                  [1, 1, 1, 0, 1, 0, 1, 0, 1, 0, 0, 0, 0, 1, 1]                     1413
p07.txt                   1041.22                  [1, 1, 1, 0, 0, 0, 1, 0, 1, 1, 1, 0, 1, 0, 0]                     1420
p07.txt                   1039.1836734693877                  [0, 1, 0, 1, 1, 0, 1, 1, 1, 0, 1, 0, 0, 0, 1]                     1444
p07.txt                   1025.723404255319                  [0, 0, 0, 0, 0, 1, 0, 1, 1, 1, 1, 0, 0, 1, 1]                     1419
p07.txt                   1057.7450980392157                  [0, 0, 0, 0, 0, 0, 1, 1, 1, 1, 0, 1, 1, 0, 1]                     1425
p07.txt                   987.14                  [1, 1, 0, 1, 1, 0, 1, 0, 0, 1, 0, 1, 0, 1, 0]                     1397
p07.txt                   1113.3617021276596                  [1, 0, 0, 1, 1, 1, 1, 0, 0, 1, 0, 1, 0, 0, 1]                     1432
p08.txt                   9628395.857142856                  [1, 0, 1, 1, 0, 0, 1, 0, 0, 1, 1, 0, 1, 0, 1, 1, 0, 0, 0, 1, 0, 1, 0, 1]                     13129732
p08.txt                   9852274.918367347                  [0, 1, 0, 0, 0, 1, 0, 0, 1, 1, 1, 0, 1, 1, 1, 0, 0, 0, 1, 0, 0, 1, 0, 0]                     13131335
p08.txt                   9158296.673469387                  [0, 1, 0, 1, 1, 0, 1, 0, 0, 1, 0, 1, 1, 0, 0, 0, 1, 0, 1, 1, 1, 1, 0, 1]                     12834856
p08.txt                   9688148.613636363                  [1, 1, 0, 0, 0, 0, 1, 1, 0, 0, 1, 1, 0, 0, 0, 1, 0, 0, 1, 0, 1, 1, 1, 0]                     12601561
p08.txt                   9592682.64                  [1, 1, 0, 0, 0, 0, 0, 1, 0, 1, 1, 0, 0, 1, 0, 0, 1, 1, 1, 0, 0, 1, 0, 0]                     12799176
p08.txt                   9676998.363636363                  [1, 1, 1, 0, 0, 1, 1, 0, 1, 0, 1, 0, 0, 1, 1, 0, 0, 1, 0, 0, 1, 1, 0, 1]                     12845769
p08.txt                   9428586.666666666                  [0, 1, 0, 0, 0, 1, 1, 1, 0, 1, 0, 0, 0, 1, 0, 1, 0, 1, 1, 1, 1, 0, 1, 1]                     12913348
p08.txt                   9961161.03773585                  [1, 1, 0, 1, 0, 0, 0, 0, 0, 0, 1, 0, 1, 1, 0, 1, 0, 0, 1, 0, 0, 0, 1, 0]                     12804059
p08.txt                   9637455.551020408                  [0, 1, 1, 0, 0, 1, 0, 0, 0, 1, 0, 1, 1, 0, 0, 1, 1, 1, 0, 1, 1, 1, 0, 0]                     12797207
p08.txt                   9442227.369565217                  [1, 0, 0, 1, 1, 0, 0, 0, 1, 0, 1, 1, 1, 0, 0, 1, 1, 0, 0, 1, 1, 0, 0, 1]                     13199732
p01.txt                   183.996387283237                  [1, 1, 1, 1, 0, 1, 0, 0, 0, 0]                     309
p01.txt                   183.91123836793128                  [1, 1, 1, 1, 0, 1, 0, 0, 0, 0]                     309
p01.txt                   183.23529411764707                  [1, 1, 1, 1, 0, 1, 0, 0, 0, 0]                     309
p01.txt                   184.9326164874552                  [1, 1, 1, 1, 0, 1, 0, 0, 0, 0]                     309
p01.txt                   180.41685144124168                  [1, 1, 1, 1, 0, 1, 0, 0, 0, 0]                     309
p01.txt                   185.95269286754004                  [1, 1, 1, 1, 0, 1, 0, 0, 0, 0]                     309
p01.txt                   183.13132795304475                  [1, 1, 1, 1, 0, 1, 0, 0, 0, 0]                     309
p01.txt                   183.92926284437826                  [1, 1, 1, 1, 0, 1, 0, 0, 0, 0]                     309
p01.txt                   182.49037037037036                  [1, 1, 1, 1, 0, 1, 0, 0, 0, 0]                     309
p01.txt                   177.7171052631579                  [1, 1, 0, 1, 0, 0, 1, 0, 0, 0]                     284
p02.txt                   31.232506643046943                  [0, 1, 1, 1, 0]                     51
p02.txt                   31.04581850533808                  [0, 1, 1, 1, 0]                     51
p02.txt                   30.46938775510204                  [0, 1, 1, 1, 0]                     51
p02.txt                   31.256398940864962                  [0, 1, 1, 1, 0]                     51
p02.txt                   31.18                  [0, 1, 1, 1, 0]                     51
p02.txt                   30.838779956427015                  [0, 1, 1, 1, 0]                     51
p02.txt                   30.90472027972028                  [0, 1, 1, 1, 0]                     51
p02.txt                   31.173186813186813                  [0, 1, 1, 1, 0]                     51
p02.txt                   31.088094199738332                  [0, 1, 1, 1, 0]                     51
p02.txt                   31.071081677704193                  [0, 1, 1, 1, 0]                     51
p03.txt                   88.17961842717543                  [1, 1, 0, 0, 1, 0]                     150
p03.txt                   88.25660893345487                  [1, 1, 0, 0, 1, 0]                     150
p03.txt                   89.11111111111111                  [1, 1, 0, 0, 1, 0]                     150
p03.txt                   88.35393003180373                  [1, 1, 0, 0, 1, 0]                     150
p03.txt                   90.16742700729927                  [1, 1, 0, 0, 1, 0]                     150
p03.txt                   89.41259698767686                  [1, 1, 0, 0, 1, 0]                     150
p03.txt                   89.20681818181818                  [1, 1, 0, 0, 1, 0]                     150
p03.txt                   89.67699316628702                  [1, 1, 0, 0, 1, 0]                     150
p03.txt                   87.72710280373832                  [1, 1, 0, 0, 1, 0]                     150
p03.txt                   89.18653321201091                  [1, 1, 0, 0, 1, 0]                     150
p04.txt                   61.29650092081031                  [1, 0, 0, 1, 0, 0, 0]                     107
p04.txt                   60.30591016548463                  [1, 0, 0, 1, 0, 0, 0]                     107
p04.txt                   59.174017257909874                  [1, 0, 0, 1, 0, 0, 0]                     107
p04.txt                   60.084808946877914                  [1, 0, 0, 1, 0, 0, 0]                     107
p04.txt                   59.87051406401552                  [1, 0, 0, 1, 0, 0, 0]                     107
p04.txt                   61.534194165471064                  [1, 0, 0, 1, 0, 0, 0]                     107
p04.txt                   60.145307289185325                  [1, 0, 0, 1, 0, 0, 0]                     107
p04.txt                   59.986666666666665                  [1, 0, 0, 1, 0, 0, 0]                     107
p04.txt                   60.237708830548925                  [1, 0, 0, 1, 0, 0, 0]                     107
p04.txt                   60.1529242569511                  [1, 0, 0, 1, 0, 0, 0]                     107
p05.txt                   537.10558530987                  [1, 0, 1, 1, 1, 0, 1, 1]                     900
p05.txt                   542.0381355932203                  [1, 0, 1, 1, 1, 0, 1, 1]                     900
p05.txt                   545.12809759817                  [1, 0, 1, 1, 1, 0, 1, 1]                     900
p05.txt                   536.9918636187524                  [1, 0, 1, 1, 1, 0, 1, 1]                     900
p05.txt                   528.223073974703                  [1, 0, 1, 1, 1, 0, 1, 1]                     900
p05.txt                   541.7677075399847                  [1, 0, 1, 1, 1, 0, 1, 1]                     900
p05.txt                   538.472706155633                  [1, 0, 1, 1, 1, 0, 1, 1]                     900
p05.txt                   538.0714828897338                  [1, 0, 1, 1, 1, 0, 1, 1]                     900
p05.txt                   538.6978691019787                  [1, 0, 1, 1, 1, 0, 1, 1]                     900
p05.txt                   551.5978552278821                  [1, 0, 1, 1, 1, 0, 1, 1]                     900
p06.txt                   1213.2957038391226                  [0, 1, 0, 1, 0, 0, 1]                     1735
p06.txt                   1239.283486238532                  [0, 1, 0, 1, 0, 0, 1]                     1735
p06.txt                   1234.2241928149158                  [0, 1, 0, 1, 0, 0, 1]                     1735
p06.txt                   1217.8243948742288                  [0, 1, 0, 1, 0, 0, 1]                     1735
p06.txt                   1231.8861638130495                  [0, 1, 0, 1, 0, 0, 1]                     1735
p06.txt                   1224.6631040892194                  [0, 1, 0, 1, 0, 0, 1]                     1735
p06.txt                   1212.274170948155                  [0, 1, 0, 1, 0, 0, 1]                     1735
p06.txt                   1225.6599726152442                  [0, 1, 0, 1, 0, 0, 1]                     1735
p06.txt                   1238.186511627907                  [0, 1, 0, 1, 0, 0, 1]                     1735
p06.txt                   1226.769482034531                  [0, 1, 0, 1, 0, 0, 1]                     1735
p07.txt                   1042.8160824742267                  [1, 0, 1, 0, 1, 0, 1, 1, 1, 0, 0, 0, 0, 1, 1]                     1458
p07.txt                   1050.8665850673194                  [0, 0, 0, 0, 0, 0, 1, 1, 1, 0, 1, 0, 1, 1, 1]                     1449
p07.txt                   1047.5995859213251                  [1, 0, 1, 0, 1, 1, 0, 0, 1, 1, 1, 0, 0, 0, 1]                     1446
p07.txt                   1045.4575707154743                  [0, 1, 1, 1, 0, 0, 1, 1, 1, 0, 0, 0, 0, 1, 1]                     1456
p07.txt                   1039.1430348258707                  [0, 0, 0, 0, 1, 0, 0, 0, 1, 1, 1, 0, 1, 1, 1]                     1449
p07.txt                   1046.3145973154362                  [0, 0, 0, 1, 0, 0, 0, 1, 0, 0, 1, 1, 1, 1, 1]                     1448
p07.txt                   1047.1749065226422                  [1, 0, 1, 0, 0, 1, 1, 1, 1, 0, 0, 1, 0, 0, 1]                     1450
p07.txt                   1049.1139811398114                  [1, 1, 1, 0, 0, 0, 1, 1, 0, 1, 0, 0, 1, 0, 1]                     1442
p07.txt                   1058.6029715229056                  [0, 1, 1, 1, 0, 0, 1, 1, 1, 0, 0, 0, 0, 1, 1]                     1456
p07.txt                   1050.7911366434141                  [1, 0, 1, 0, 1, 0, 1, 1, 1, 0, 0, 0, 0, 1, 1]                     1458
p08.txt                   9761377.580524344                  [1, 1, 0, 1, 1, 0, 1, 0, 1, 1, 1, 0, 0, 0, 0, 1, 0, 0, 0, 1, 0, 0, 1, 1]                     13436679
p08.txt                   9754648.005852843                  [0, 1, 0, 0, 1, 0, 0, 1, 0, 1, 1, 0, 0, 1, 1, 1, 1, 0, 0, 0, 0, 0, 1, 0]                     13147701
p08.txt                   9794668.352094796                  [1, 0, 0, 1, 1, 1, 0, 0, 0, 1, 1, 0, 1, 0, 0, 1, 0, 0, 1, 0, 0, 1, 0, 1]                     13231855
p08.txt                   9680043.906263135                  [0, 1, 0, 1, 1, 1, 1, 0, 0, 1, 1, 0, 1, 0, 1, 1, 0, 1, 0, 0, 0, 0, 0, 0]                     13187337
p08.txt                   9672759.817083333                  [1, 1, 0, 1, 1, 1, 0, 0, 1, 1, 0, 1, 0, 0, 0, 1, 0, 1, 0, 0, 0, 1, 0, 0]                     13198385
p08.txt                   9734820.722851153                  [0, 1, 0, 0, 0, 0, 1, 0, 1, 1, 1, 0, 0, 1, 0, 1, 1, 0, 0, 1, 1, 1, 1, 0]                     13247817
p08.txt                   9726842.800745651                  [1, 1, 0, 1, 0, 0, 1, 0, 1, 1, 1, 0, 0, 0, 0, 1, 0, 1, 0, 1, 0, 0, 1, 1]                     13346362
p08.txt                   9836400.775527077                  [0, 1, 0, 1, 0, 0, 1, 0, 1, 0, 1, 0, 0, 1, 1, 1, 1, 0, 0, 1, 0, 1, 1, 1]                     13289840
p08.txt                   9753027.686567165                  [0, 1, 0, 1, 0, 0, 1, 0, 1, 0, 1, 0, 0, 0, 1, 1, 1, 0, 1, 1, 0, 1, 0, 1]                     13329774
p08.txt                   9770815.090371622                  [1, 1, 0, 1, 1, 1, 1, 0, 1, 1, 0, 0, 0, 0, 1, 1, 1, 0, 0, 0, 0, 1, 0, 1]                     13363012