p01.txt                   215.60157402852926                  [1, 1, 1, 1, 0, 1, 0, 0, 0, 0]                     309
p01.txt                   212.28891004283673                  [1, 1, 1, 1, 0, 1, 0, 0, 0, 0]                     309
p01.txt                   214.37702640111164                  [1, 1, 1, 1, 0, 1, 0, 0, 0, 0]                     309
p01.txt                   215.24007561436673                  [1, 1, 1, 1, 0, 1, 0, 0, 0, 0]                     309
p01.txt                   205.33596059113302                  [1, 1, 1, 1, 0, 1, 0, 0, 0, 0]                     309
p01.txt                   215.2091346153846                  [1, 1, 1, 1, 0, 1, 0, 0, 0, 0]                     309
p01.txt                   211.16007808687164                  [1, 1, 1, 1, 0, 1, 0, 0, 0, 0]                     309
p01.txt                   212.47881960970966                  [1, 1, 1, 1, 0, 1, 0, 0, 0, 0]                     309
p01.txt                   208.9857142857143                  [1, 1, 1, 1, 0, 1, 0, 0, 0, 0]                     309
p01.txt                   204.62232187344296                  [1, 1, 0, 1, 0, 0, 1, 0, 0, 0]                     284
p02.txt                   38.39823697173969                  [0, 1, 1, 1, 0]                     51
p02.txt                   38.561882475299015                  [0, 1, 1, 1, 0]                     51
p02.txt                   38.15208223510807                  [0, 1, 1, 1, 0]                     51
p02.txt                   38.54806714140386                  [0, 1, 1, 1, 0]                     51
p02.txt                   38.72337695663331                  [0, 1, 1, 1, 0]                     51
p02.txt                   38.7088445807771                  [0, 1, 1, 1, 0]                     51
p02.txt                   38.43001033057851                  [0, 1, 1, 1, 0]                     51
p02.txt                   38.57106727364694                  [0, 1, 1, 1, 0]                     51
p02.txt                   38.08827303053631                  [0, 1, 1, 1, 0]                     51
p02.txt                   38.18439153439154                  [0, 1, 1, 1, 0]                     51
p03.txt                   105.96581196581197                  [1, 1, 0, 0, 1, 0]                     150
p03.txt                   106.64245014245014                  [1, 1, 0, 0, 1, 0]                     150
p03.txt                   105.64245014245014                  [1, 1, 0, 0, 1, 0]                     150
p03.txt                   106.00196850393701                  [1, 1, 0, 0, 1, 0]                     150
p03.txt                   105.043502985499                  [1, 1, 0, 0, 1, 0]                     150
p03.txt                   106.52065428333795                  [1, 1, 0, 0, 1, 0]                     150
p03.txt                   105.71033314511575                  [1, 1, 0, 0, 1, 0]                     150
p03.txt                   105.59186575654152                  [1, 1, 0, 0, 1, 0]                     150
p03.txt                   105.83243089199202                  [1, 1, 0, 0, 1, 0]                     150
p03.txt                   106.03263337116913                  [1, 1, 0, 0, 1, 0]                     150
p04.txt                   74.32724505327245                  [1, 0, 0, 1, 0, 0, 0]                     107
p04.txt                   74.19043238270469                  [1, 0, 0, 1, 0, 0, 0]                     107
p04.txt                   74.18841019417475                  [1, 0, 0, 1, 0, 0, 0]                     107
p04.txt                   74.0405529953917                  [1, 0, 0, 1, 0, 0, 0]                     107
p04.txt                   74.12328767123287                  [1, 0, 0, 1, 0, 0, 0]                     107
p04.txt                   74.2773878547452                  [1, 0, 0, 1, 0, 0, 0]                     107
p04.txt                   74.25604900459417                  [1, 0, 0, 1, 0, 0, 0]                     107
p04.txt                   73.22109158186863                  [1, 0, 0, 1, 0, 0, 0]                     107
p04.txt                   74.15726912526668                  [1, 0, 0, 1, 0, 0, 0]                     107
p04.txt                   73.3716277659897                  [1, 0, 0, 1, 0, 0, 0]                     107
p05.txt                   668.2416014726185                  [1, 0, 1, 1, 1, 0, 1, 1]                     900
p05.txt                   674.3772550810687                  [1, 0, 1, 1, 1, 0, 1, 1]                     900
p05.txt                   674.7639142335767                  [1, 0, 1, 1, 1, 0, 1, 1]                     900
p05.txt                   672.5346901017576                  [1, 0, 1, 1, 1, 0, 1, 1]                     900
p05.txt                   670.5150540105723                  [1, 0, 1, 1, 1, 0, 1, 1]                     900
p05.txt                   672.3654069093438                  [1, 0, 1, 1, 1, 0, 1, 1]                     900
p05.txt                   668.0686655985352                  [1, 0, 1, 1, 1, 0, 1, 1]                     900
p05.txt                   675.0121621621622                  [1, 0, 1, 1, 1, 0, 1, 1]                     900
p05.txt                   681.4632945389436                  [1, 0, 1, 1, 1, 0, 1, 1]                     900
p05.txt                   675.333258477431                  [1, 0, 1, 1, 1, 0, 1, 1]                     900
p06.txt                   1389.363868406126                  [0, 1, 0, 1, 0, 0, 1]                     1735
p06.txt                   1389.893352192362                  [0, 1, 0, 1, 0, 0, 1]                     1735
p06.txt                   1383.4133256417651                  [0, 1, 0, 1, 0, 0, 1]                     1735
p06.txt                   1381.3870875995449                  [0, 1, 0, 1, 0, 0, 1]                     1735
p06.txt                   1401.2739414606422                  [0, 1, 0, 1, 0, 0, 1]                     1735
p06.txt                   1381.9169768107645                  [0, 1, 0, 1, 0, 0, 1]                     1735
p06.txt                   1379.9168597914252                  [0, 1, 0, 1, 0, 0, 1]                     1735
p06.txt                   1388.2916785816415                  [0, 1, 0, 1, 0, 0, 1]                     1735
p06.txt                   1395.3729496402877                  [0, 1, 0, 1, 0, 0, 1]                     1735
p06.txt                   1381.4470688673875                  [0, 1, 0, 1, 0, 0, 1]                     1735
p07.txt                   1155.4898463227223                  [0, 0, 0, 0, 0, 0, 1, 1, 1, 0, 0, 1, 1, 1, 1]                     1453
p07.txt                   1152.8273695711555                  [0, 0, 0, 0, 0, 0, 1, 1, 1, 0, 0, 1, 1, 1, 1]                     1453
p07.txt                   1155.9950671416827                  [0, 0, 0, 0, 0, 0, 1, 1, 1, 0, 0, 1, 1, 1, 1]                     1453
p07.txt                   1153.754742919989                  [0, 0, 0, 0, 0, 0, 1, 1, 1, 0, 0, 1, 1, 1, 1]                     1453
p07.txt                   1156.5765986394558                  [0, 0, 0, 0, 0, 0, 1, 1, 1, 0, 0, 1, 1, 1, 1]                     1453
p07.txt                   1157.8585997794928                  [0, 0, 0, 0, 0, 0, 1, 1, 1, 0, 0, 1, 1, 1, 1]                     1453
p07.txt                   1141.4528086683774                  [0, 1, 1, 1, 0, 0, 1, 1, 1, 0, 0, 0, 0, 1, 1]                     1456
p07.txt                   1139.8647717484928                  [1, 1, 0, 0, 0, 1, 1, 1, 1, 0, 0, 0, 0, 1, 1]                     1455
p07.txt                   1157.3543199781957                  [0, 0, 0, 0, 0, 0, 1, 1, 1, 0, 0, 1, 1, 1, 1]                     1453
p07.txt                   1160.3502190580505                  [0, 0, 0, 0, 0, 0, 1, 1, 1, 0, 0, 1, 1, 1, 1]                     1453
p08.txt                   10594599.2238041                  [0, 1, 0, 1, 0, 0, 1, 0, 0, 1, 1, 0, 1, 0, 0, 1, 1, 0, 0, 1, 1, 1, 1, 1]                     13394355
p08.txt                   10916245.525727501                  [1, 0, 0, 0, 1, 0, 0, 0, 1, 1, 1, 0, 1, 0, 0, 1, 0, 0, 1, 1, 0, 1, 0, 1]                     13355883
p08.txt                   11108644.593913456                  [0, 0, 0, 0, 0, 0, 0, 0, 0, 1, 1, 0, 1, 1, 1, 1, 1, 0, 1, 0, 0, 1, 1, 1]                     13255630
p08.txt                   11143212.343323883                  [0, 1, 0, 1, 0, 1, 0, 0, 1, 1, 1, 0, 1, 0, 0, 1, 0, 1, 0, 1, 0, 0, 0, 1]                     13335107
p08.txt                   11334560.137264438                  [0, 1, 0, 1, 1, 1, 0, 0, 0, 1, 1, 0, 1, 0, 0, 1, 1, 0, 0, 1, 0, 1, 1, 1]                     13464598
p08.txt                   11380753.910675129                  [1, 1, 0, 0, 0, 0, 0, 0, 1, 1, 1, 0, 0, 0, 0, 1, 1, 0, 1, 0, 0, 1, 0, 1]                     13445720
p08.txt                   11425167.52821952                  [1, 0, 0, 0, 0, 0, 1, 0, 1, 1, 1, 1, 1, 0, 1, 1, 1, 0, 0, 1, 0, 1, 0, 1]                     13333483
p08.txt                   11474323.092631161                  [1, 1, 0, 1, 0, 0, 1, 0, 1, 0, 1, 0, 1, 0, 1, 1, 1, 0, 0, 0, 0, 0, 1, 1]                     13405460
p08.txt                   11539201.151780667                  [1, 1, 0, 1, 0, 1, 1, 0, 0, 1, 1, 0, 1, 0, 1, 1, 1, 0, 0, 0, 0, 1, 0, 0]                     13467914
p08.txt                   11528940.145412633                  [0, 1, 0, 1, 0, 1, 0, 0, 1, 1, 1, 0, 0, 0, 0, 1, 1, 1, 0, 1, 0, 1, 1, 0]                     13431877
