p01.txt                   247.52816986367475                  [1, 1, 1, 1, 0, 1, 0, 0, 0, 0]                     309
p01.txt                   247.7173286858858                  [1, 1, 1, 1, 0, 1, 0, 0, 0, 0]                     309
p01.txt                   247.73946387786992                  [1, 1, 1, 1, 0, 1, 0, 0, 0, 0]                     309
p01.txt                   247.8410890969932                  [1, 1, 1, 1, 0, 1, 0, 0, 0, 0]                     309
p01.txt                   247.50729308005427                  [1, 1, 1, 1, 0, 1, 0, 0, 0, 0]                     309
p01.txt                   247.52787343174322                  [1, 1, 1, 1, 0, 1, 0, 0, 0, 0]                     309
p01.txt                   247.92528194353883                  [1, 1, 1, 1, 0, 1, 0, 0, 0, 0]                     309
p01.txt                   247.2804712498788                  [1, 1, 1, 1, 0, 1, 0, 0, 0, 0]                     309
p01.txt                   247.9502529715074                  [1, 1, 1, 1, 0, 1, 0, 0, 0, 0]                     309
p01.txt                   247.52044942731916                  [1, 1, 1, 1, 0, 1, 0, 0, 0, 0]                     309
p02.txt                   40.39804587258324                  [0, 1, 1, 1, 0]                     51
p02.txt                   40.375782147873835                  [0, 1, 1, 1, 0]                     51
p02.txt                   40.42007369992694                  [0, 1, 1, 1, 0]                     51
p02.txt                   40.59268377914734                  [0, 1, 1, 1, 0]                     51
p02.txt                   40.4841459528362                  [0, 1, 1, 1, 0]                     51
p02.txt                   40.480431011157265                  [0, 1, 1, 1, 0]                     51
p02.txt                   40.41855729150094                  [0, 1, 1, 1, 0]                     51
p02.txt                   40.441548960482464                  [0, 1, 1, 1, 0]                     51
p02.txt                   40.4291384394676                  [0, 1, 1, 1, 0]                     51
p02.txt                   40.470191064502224                  [0, 1, 1, 1, 0]                     51
p03.txt                   117.5414070964247                  [1, 1, 0, 0, 1, 0]                     150
p03.txt                   117.4056632549312                  [1, 1, 0, 0, 1, 0]                     150
p03.txt                   117.3780013914578                  [1, 1, 0, 0, 1, 0]                     150
p03.txt                   117.29240647872052                  [1, 1, 0, 0, 1, 0]                     150
p03.txt                   117.58464823822517                  [1, 1, 0, 0, 1, 0]                     150
p03.txt                   117.19505741472598                  [1, 1, 0, 0, 1, 0]                     150
p03.txt                   117.52631311505954                  [1, 1, 0, 0, 1, 0]                     150
p03.txt                   117.42810176521168                  [1, 1, 0, 0, 1, 0]                     150
p03.txt                   117.19449006891647                  [1, 1, 0, 0, 1, 0]                     150
p03.txt                   117.31081058093051                  [1, 1, 0, 0, 1, 0]                     150
p04.txt                   80.09456123288696                  [1, 0, 0, 1, 0, 0, 0]                     107
p04.txt                   80.24996725238123                  [1, 0, 0, 1, 0, 0, 0]                     107
p04.txt                   79.967262852327                  [1, 0, 0, 1, 0, 0, 0]                     107
p04.txt                   80.00982365880029                  [1, 0, 0, 1, 0, 0, 0]                     107
p04.txt                   80.16738341872032                  [1, 0, 0, 1, 0, 0, 0]                     107
p04.txt                   80.05883121244915                  [1, 0, 0, 1, 0, 0, 0]                     107
p04.txt                   79.93329087128379                  [1, 0, 0, 1, 0, 0, 0]                     107
p04.txt                   80.17785643388206                  [1, 0, 0, 1, 0, 0, 0]                     107
p04.txt                   79.99610209512387                  [1, 0, 0, 1, 0, 0, 0]                     107
p04.txt                   80.1884179998129                  [1, 0, 0, 1, 0, 0, 0]                     107
p05.txt                   698.7170670844939                  [1, 0, 1, 1, 1, 0, 1, 1]                     900
p05.txt                   698.094189424753                  [1, 0, 1, 1, 1, 0, 1, 1]                     900
p05.txt                   699.9357724876178                  [1, 0, 1, 1, 1, 0, 1, 1]                     900
p05.txt                   698.8716604715995                  [1, 0, 1, 1, 1, 0, 1, 1]                     900
p05.txt                   699.7151255857272                  [1, 0, 1, 1, 1, 0, 1, 1]                     900
p05.txt                   699.4867344120255                  [1, 0, 1, 1, 1, 0, 1, 1]                     900
p05.txt                   698.8822503524351                  [1, 0, 1, 1, 1, 0, 1, 1]                     900
p05.txt                   700.7367288170104                  [1, 0, 1, 1, 1, 0, 1, 1]                     900
p05.txt                   699.089992005233                  [1, 0, 1, 1, 1, 0, 1, 1]                     900
p05.txt                   697.8197481005855                  [1, 0, 1, 1, 1, 0, 1, 1]                     900
p06.txt                   1438.3588041621917                  [0, 1, 0, 1, 0, 0, 1]                     1735
p06.txt                   1441.4770892332588                  [0, 1, 0, 1, 0, 0, 1]                     1735
p06.txt                   1440.2210517059443                  [0, 1, 0, 1, 0, 0, 1]                     1735
p06.txt                   1438.4778845306303                  [0, 1, 0, 1, 0, 0, 1]                     1735
p06.txt                   1438.1360556191146                  [0, 1, 0, 1, 0, 0, 1]                     1735
p06.txt                   1441.3194542377662                  [0, 1, 0, 1, 0, 0, 1]                     1735
p06.txt                   1441.5042995594713                  [0, 1, 0, 1, 0, 0, 1]                     1735
p06.txt                   1440.5808579693785                  [0, 1, 0, 1, 0, 0, 1]                     1735
p06.txt                   1439.3714647976615                  [0, 1, 0, 1, 0, 0, 1]                     1735
p06.txt                   1438.935246608365                  [0, 1, 0, 1, 0, 0, 1]                     1735
p07.txt                   1199.7625094176667                  [1, 0, 1, 0, 1, 0, 1, 1, 1, 0, 0, 0, 0, 1, 1]                     1458
p07.txt                   1201.0894273127753                  [1, 0, 1, 0, 1, 0, 1, 1, 1, 0, 0, 0, 0, 1, 1]                     1458
p07.txt                   1201.0463776070253                  [1, 0, 1, 0, 1, 0, 1, 1, 1, 0, 0, 0, 0, 1, 1]                     1458
p07.txt                   1201.0219776187855                  [1, 0, 1, 0, 1, 0, 1, 1, 1, 0, 0, 0, 0, 1, 1]                     1458
p07.txt                   1193.692896884273                  [1, 0, 1, 0, 1, 0, 1, 1, 1, 0, 0, 0, 0, 1, 1]                     1458
p07.txt                   1198.760085161529                  [1, 0, 1, 0, 1, 0, 1, 1, 1, 0, 0, 0, 0, 1, 1]                     1458
p07.txt                   1180.656633242982                  [1, 0, 1, 0, 1, 0, 1, 1, 1, 0, 0, 0, 0, 1, 1]                     1458
p07.txt                   1194.0120703081543                  [1, 0, 1, 0, 1, 0, 1, 1, 1, 0, 0, 0, 0, 1, 1]                     1458
p07.txt                   1190.6555150649936                  [1, 0, 1, 0, 1, 0, 1, 1, 1, 0, 0, 0, 0, 1, 1]                     1458
p07.txt                   1192.093736581723                  [0, 1, 1, 1, 0, 0, 1, 1, 1, 0, 0, 0, 0, 1, 1]                     1456
p08.txt                   10976941.383612366                  [1, 1, 0, 0, 0, 1, 1, 0, 1, 1, 1, 0, 1, 0, 1, 1, 1, 0, 0, 0, 0, 0, 0, 1]                     13415655
p08.txt                   11038796.721814785                  [1, 1, 0, 1, 0, 1, 1, 0, 1, 1, 1, 0, 0, 0, 0, 1, 0, 1, 0, 0, 0, 1, 0, 1]                     13489043
p08.txt                   11016722.454965359                  [1, 1, 0, 1, 0, 0, 1, 0, 1, 1, 1, 0, 0, 0, 1, 1, 0, 0, 0, 0, 0, 1, 0, 1]                     13491239
p08.txt                   10995988.946712498                  [1, 1, 0, 1, 1, 0, 1, 0, 1, 0, 1, 0, 1, 0, 0, 1, 1, 0, 0, 1, 0, 0, 1, 1]                     13461886
p08.txt                   11049764.707521671                  [1, 1, 0, 1, 0, 1, 1, 0, 1, 1, 1, 0, 1, 0, 0, 1, 0, 0, 0, 0, 0, 1, 0, 0]                     13518963
p08.txt                   10982505.383003747                  [1, 1, 0, 1, 0, 1, 1, 0, 1, 1, 1, 0, 1, 0, 0, 1, 0, 0, 0, 1, 0, 0, 1, 0]                     13473708
p08.txt                   10945320.652402751                  [0, 1, 0, 1, 1, 1, 1, 0, 1, 1, 1, 0, 0, 0, 0, 1, 1, 0, 0, 1, 0, 1, 0, 1]                     13494864
p08.txt                   11055951.557904577                  [0, 1, 0, 1, 1, 1, 1, 0, 0, 1, 1, 0, 1, 0, 0, 1, 1, 0, 0, 0, 0, 1, 1, 1]                     13468533
p08.txt                   10945862.381296994                  [1, 1, 0, 1, 0, 0, 0, 0, 0, 1, 1, 0, 1, 1, 0, 1, 1, 0, 0, 0, 0, 0, 0, 1]                     13459399
p08.txt                   11105797.130346838                  [1, 1, 0, 1, 1, 0, 1, 0, 0, 1, 1, 0, 1, 0, 0, 1, 0, 0, 0, 0, 0, 1, 1, 1]                     13521334
